1 1
2 2
3 3
4 4
5 5
6 1
7 2
8 3
9 4
10 5
11 6
12 2
13 3
14 4
15 5
16 6
17 7
18 3
19 4
20 5
21 6
22 7
23 8
24 4
25 5
26 1
27 2
28 1
29 2
30 3
31 4
32 2
33 3
34 2
35 3
36 4
37 5
38 3
39 4
40 3
41 4
42 5
43 6
44 4
45 5
46 4
47 5
48 6
49 7
50 5
51 6
52 2
53 3
54 2
55 3
56 2
57 3
58 3
59 4
60 3
61 4
62 3
63 4
64 4
65 5
66 4
67 5
68 4
69 5
70 5
71 6
72 5
73 6
74 5
75 6
76 6
77 7
78 3
79 4
80 3
81 4
82 3
83 4
84 3
85 4
86 4
87 5
88 4
89 5
90 4
91 5
92 5
93 6
94 5
95 6
96 5
97 6
98 6
99 7
100 6
101 7
102 6
103 7
104 4
105 5
106 1
107 2
108 1
109 2
110 3
111 4
112 2
113 3
114 1
115 2
116 1
117 2
118 3
119 4
120 1
121 2
122 2
123 3
124 4
125 5
126 2
127 3
128 3
129 4
130 5
131 6
132 2
133 3
134 2
135 3
136 2
137 3
138 3
139 4
140 2
141 3
142 2
143 3
144 2
145 3
146 2
147 3
148 2
149 3
150 3
151 4
152 3
153 4
154 3
155 4
156 4
157 5
158 3
159 4
160 3
161 4
162 3
163 4
164 3
165 4
166 3
167 4
168 3
169 4
170 3
171 4
172 3
173 4
174 3
175 4
176 3
177 4
178 4
179 5
180 4
181 5
182 4
183 5
184 4
185 5
186 4
187 5
188 4
189 5
190 4
191 5
192 4
193 5
194 4
195 5
196 4
197 5
198 4
199 5
200 4
201 5
202 4
203 5
204 4
205 5
206 5
207 6
208 5
209 6
210 5
211 6
212 2
213 3
214 2
215 3
216 2
217 3
218 3
219 4
220 2
221 3
222 2
223 3
224 2
225 3
226 2
227 3
228 2
229 3
230 2
231 3
232 2
233 3
234 2
235 3
236 2
237 3
238 3
239 4
240 2
241 3
242 3
243 4
244 3
245 4
246 3
247 4
248 3
249 4
250 3
251 4
252 3
253 4
254 3
255 4
256 3
257 4
258 3
259 4
260 3
261 4
262 3
263 4
264 3
265 4
266 3
267 4
268 3
269 4
270 4
271 5
272 4
273 5
274 4
275 5
276 4
277 5
278 4
279 5
280 4
281 5
282 4
283 5
284 4
285 5
286 4
287 5
288 4
289 5
290 4
291 5
292 4
293 5
294 4
295 5
296 4
297 5
298 5
299 6
300 5
301 6
302 5
303 6
304 5
305 6
306 5
307 6
308 5
309 6
310 5
311 6
312 5
313 6
314 5
315 6
316 5
317 6
318 3
319 4
320 3
321 4
322 3
323 4
324 3
325 4
326 3
327 4
328 3
329 4
330 3
331 4
332 3
333 4
334 3
335 4
336 3
337 4
338 3
339 4
340 3
341 4
342 3
343 4
344 3
345 4
346 3
347 4
348 3
349 4
350 3
351 4
352 3
353 4
354 3
355 4
356 3
357 4
358 4
359 5
360 3
361 4
362 4
363 5
364 4
365 5
366 4
367 5
368 4
369 5
370 4
371 5
372 4
373 5
374 4
375 5
376 4
377 5
378 4
379 5
380 4
381 5
382 4
383 5
384 4
385 5
386 4
387 5
388 4
389 5
390 5
391 6
392 5
393 6
394 5
395 6
396 5
397 6
398 5
399 6
400 5
401 6
402 5
403 6
404 5
405 6
406 5
407 6
408 5
409 6
410 5
411 6
412 5
413 6
414 5
415 6
416 5
417 6
418 6
419 7
420 6
421 7
422 6
423 7
424 4
425 5
426 1
427 2
428 1
429 2
430 3
431 4
432 2
433 3
434 1
435 2
436 1
437 2
438 3
439 4
440 1
441 2
442 2
443 3
444 4
445 5
446 2
447 3
448 3
449 4
450 4
451 5
452 2
453 3
454 2
455 3
456 2
457 3
458 1
459 2
460 1
461 2
462 2
463 3
464 2
465 3
466 1
467 2
468 1
469 2
470 3
471 4
472 1
473 2
474 2
475 3
476 4
477 5
478 2
479 3
480 3
481 4
482 1
483 2
484 1
485 2
486 2
487 3
488 1
489 2
490 2
491 3
492 2
493 3
494 2
495 3
496 1
497 2
498 2
499 3
500 2
